,target_text,pred_str
0,bird,bird
1,detective,detective
2,short,short
3,cloud,ccloud
4,that,lgh
5,pie,pie
6,xylophone,xylophonee
7,four o clock,four o clock
8,potato,potato
9,cow,cow
10,one cup,one cup
11,hair,hur
12,one egg,one egg
13,snake,snake
14,thermometer,thertertometer
15,mouth,mouth
16,spaghetti,mouschoto
17,snake,snakee
18,four cups,four cups
19,tonight,tonight
20,two,two
21,beard,beard
22,head,head
23,cow,cow
24,banana,banana
25,splash,splash
26,three,thhree
27,gorilla,gorilla
28,wood,woood
29,wheel,wheel
30,four,four
31,machine,machine
32,bag,bag
33,two cups,two cupps
34,machine,machinee
35,zoo,zoo
36,zoo,zoo
37,treasure,treasure
38,frog,fog
39,short,short
40,thermometer,thermometer
41,short,short
42,food,food
43,boy,boy
44,tail,tail
45,shell,shell
46,head,head
47,light,light
48,splash,sprash
49,car,car
50,carpet,carpet
51,sausage,sausage
52,duck,douck
53,sprout,sprout
54,cucumber,cucumber
55,martian,martian
56,spade,spade
57,play,play
58,pull,pooll
59,key,k
60,spiderweb,spiderweb
61,watch,watch
62,bag,bag
63,boat,boat
64,cloud,clound
65,eight,eight
66,spaghetti,baghetti
67,cart,cart
68,boy,boy
69,watch,wath
70,flowerpot,flowerpot
71,chair,chair
72,pull,pooll
73,bag,bag
74,bridge,bridge
75,gorilla,vorilla
76,breathe,breathe
77,sword,sword
78,cicada,cicada
79,sausage,sausage
80,butterfly,butterfly
81,crocodile,crocodile
82,six,six
83,circus,circus
84,seven,seven
85,vanilla,vanilla
86,gorilla,gorilla
87,martian,martian
88,pool,pool
89,thermometer,thermometer
90,caterpillar,catterpillar
91,yoyo,yoyo
92,carpet,carpet
93,spiderweb,spaderweb
94,attack,attack
95,four,four
96,hair,hair
97,hippopotamus,hippopotamus
98,snake,snake
99,sprout,sprout
100,wheel,wheel
101,bag,bag
102,australia,australia
103,six,six
104,balloon,balloon
105,chair,chair
106,hole,holee
107,treasure,treasure
108,tonight,tonight
109,yoyo,yoyo
110,fish,fish
111,five,five
112,car,car
113,rhinoceros,rhinoceros
114,seven,seven
115,three cups,three cups
116,banana,banana
117,xylophone,kylophonee
118,skirt,skirt
119,tomato,tomato
120,sword,sword
121,drink,drink
122,crocodile,crocogocodile
123,straw,straw
124,kitchen,kitchen
125,tooth,tooth
126,no,no
127,gorilla,gorilla
128,four,four
129,two eggs,two eggs
130,nose,nose
131,snake,snakee
132,two eggs,two eggs
133,wood,wood
134,cub,cub
135,cart,cart
136,seven,tenn
137,fur,fur
138,duck,duck
139,garden,garden
140,four o clock,four o clock
141,caterpillar,caterpillar
142,two o clock,two o clock
143,rhinoceros,mino
144,cow,cow
145,one egg,one egg
146,zoo,zoo
147,martian,martian
148,canoe,canoe
149,four eggs,four eggs
150,jam,jam
151,pie,pie
152,food,food
153,chair,chair
154,five,pide
155,two,two
156,mouth,mouth
157,potato,potato
158,sprout,sprout
159,card,card
160,bellybutton,bellybutton
161,dessert,dessert
162,bridge,bridge
163,vegemite,vegemite
164,thermometer,thermometer
165,crocodile,crocodilee
166,canoe,canoe
167,car,car
168,splash,splash
169,yes,yes
170,two o clock,two o clock
171,bellybutton,bellybutton
172,kangaroo,kangaroo
173,yes,yes
174,fish,fish
175,doll,doll
176,two,to
177,stethoscope,stethoscope
178,two o clock,two o clock
179,two o clock,two o clock
180,yes,yes
181,boy,bo
182,crab,crab
183,hill,hol
184,two cups,two cups
185,nine,nine
186,story,story
187,garage,garage
188,skirt,skirt
189,caterpillar,caterpillar
190,garage,garage
191,doll,doll
192,grasshopper,grasshopper
193,cloud,cloud
194,rhinoceros,bhinoceros
195,ball,ball
196,key,chees
197,magician,magician
198,treasure,talo
199,key,key
200,owl,owl
201,pool,pool
202,tooth,chooce
203,one cup,one cup
204,jam,jam
205,balloon,balloon
206,five,five
207,xylophone,ylophone
208,cloud,cloud
209,two o clock,two o clock
210,boy,boy
211,chair,chair
212,yoyo,yoyo
213,dessert,dessert
214,magician,magician
215,bellybutton,ballybotton
216,cloud,cloud
217,hippopotamus,hippopotamus
218,three,tthree
219,caterpillar,caterpillar
220,voice,voice
221,drink,drink
222,mouth,mouth
223,circus,circus
224,treasure,treasure
225,three cups,three cups
226,ball,ba
227,four cups,four cups
228,rhinoceros,rhano
229,duck,duck
230,wood,wood
231,bag,bag
232,thermometer,thermometee
233,card,card
234,dinosaur,dinosaur
235,nine,nine
236,bag,bag
237,three cups,three cups
238,coconut,coconut
239,gorilla,gorilla
240,girl,girl
241,tonight,tonight
242,canoe,cane
243,martian,martian
244,martian,martiann
245,pull,pool
246,wood,wood
247,banana,banana
248,eight,eigh
249,nine,nine
250,machine,machinee
251,frog,frog
252,butterfly,butterfly
253,caterpillar,caterpillar
254,five,five
255,hole,hole
256,owl,owl
257,xylophone,xylophone
258,stethoscope,stacoot
259,one,bie
260,short,short
261,canoe,cano
262,jam,jam
263,spiderweb,spiderweb
264,smile,smile
265,crocodile,crocodile
266,spaghetti,spaghetti
267,four o clock,four o clock
268,no,no
269,girl,girl
270,three cups,three cups
271,detective,detective
272,wood,wood
273,four eggs,four eggs
274,hippopotamus,hippoto
275,detective,detective
276,duck,duck
277,zoo,zoo
278,four cups,four cups
279,five,five
280,doll,doll
281,hill,hill
282,four,four
283,kangaroo,kangarroo
284,hippopotamus,hippopotamus
285,cucumber,cucumber
286,ride,ride
287,butterfly,butterfly
288,swing,swing
289,pull,pool
290,grasshopper,grasshopper
291,flowerpot,romerpot
292,kangaroo,kangaroo
293,magician,magician
294,splash,splash
295,seven,seven
296,light,light
297,chair,chaair
298,four cups,four cups
299,hill,shilll
300,one,
301,food,food
302,tooth,tooth
303,breathe,breathe
304,carpet,carpet
305,vegemite,vegemite
306,butterfly,butterfly
307,leaf,leaf
308,cucumber,cucumber
309,one egg,one egg
310,clown,clound
311,tail,tail
312,girl,girl
313,wheel,wheel
314,that,that
315,two cups,two cups
316,seven,seven
317,duck,duck
318,three,three
319,cheese,cheese
320,stethoscope,skethotoscope
321,short,chac
322,fur,fur
323,four eggs,four eggs
324,boy,boy
325,vegemite,vegemite
326,magician,magician
327,zoo,zoo
328,pig,pig
329,cheese,cheese
330,carpet,carpet
331,tonight,tonight
332,duck,duck
333,potato,potato
334,shell,shell
335,two cups,two cups
336,flowerpot,flowerpot
337,car,car
338,wood,wood
339,gorilla,gorilla
340,bridge,
341,caterpillar,katerpillar
342,sausage,sausage
343,three eggs,three eggs
344,that,that
345,flowerpot,flowerpot
346,bridge,bridge
347,four,four
348,frog,frog
349,no,no
350,stethoscope,sstethocope
351,mouth,mouth
352,tooth,tooth
353,seven,seven
354,foot,foot
355,story,story
356,sword,sword
357,frog,frog
358,butterfly,byfur
359,spaghetti,spaghetti
360,thermometer,thermometer
361,dessert,dessert
362,cucumber,cucumber
363,coconut,croconut
364,tomato,tomato
365,spade,spade
366,doll,doll
367,boat,boat
368,grasshopper,grasshopper
369,three,three
370,martian,martian
371,gorilla,gorilla
372,australia,australia
373,australia,australia
374,caterpillar,caterpillar
375,sprout,sprout
376,pull,pooll
377,cow,cow
378,cow,cow
379,four cups,four cups
380,one,one
381,hair,hair
382,potato,potato
383,bird,bird
384,thumb,thumb
385,garden,garden
386,watch,watch
387,dessert,dessert
388,hippopotamus,hippopotamus
389,girl,girl
390,that,that
391,tomato,tomato
392,breathe,breathe
393,girl,girl
394,zoo,zoo
395,boat,bood
396,cheese,cheese
397,leaf,leaf
398,grasshopper,grasshoppeer
399,grasshopper,grasshopper
400,balloon,balloon
401,one,one
402,three,three
403,thermometer,theermometer
404,seven,six
405,drink,drink
406,hole,hole
407,wheel,wheel
408,drink,drink
409,bird,bird
410,australia,australiaa
411,owl,owl
412,three,three
413,carpet,carpet
414,australia,astralia
415,dessert,desset
416,frog,frog
417,ten,ten
418,machine,machine
419,chair,che
420,garden,garden
421,treasure,treasure
422,mouth,mouth
423,four,four
424,foot,foot
425,skirt,skirt
426,moustache,moustache
427,spaghetti,spaghetti
428,beard,beard
429,potato,potato
430,food,food
431,machine,machine
432,six,six
433,nine,nine
434,swing,swingg
435,breathe,breathe
436,dinosaur,dinosaur
437,cicada,cicada
438,detective,detective
439,three o clock,three o clock
440,stethoscope,stethoscope
441,three eggs,three eggs
442,duck,duck
443,hole,holee
444,grasshopper,grasshopperr
445,frog,frog
446,clown,clound
447,smile,smile
448,garden,garden
449,two eggs,two eggs
450,ride,ride
451,swing,swing
452,gorilla,gorilla
453,moustache,mousta
454,three eggs,three eggs
455,one,one
456,carpet,carpet
457,attack,attack
458,thermometer,thermometer
459,banana,banana
460,garden,garden
461,treasure,treasure
462,snake,snake
463,bag,bag
464,hippopotamus,hippopotamus
465,fur,fur
466,potato,potato
467,sprout,sprout
468,food,food
469,hill,hill
470,potato,potato
471,swing,swing
472,duck,duck
473,tomato,tmato
474,cheese,chease
475,no,no
476,mountain,mountain
477,circus,circus
478,butterfly,butterfly
479,cloud,cloud
480,cucumber,cucumber
481,martian,martian
482,drink,drink
483,garden,gardenn
484,treasure,treasure
485,one egg,one egg
486,three,three
487,tonight,tonight
488,key,key
489,ride,ride
490,six,si
491,sprout,spprout
492,story,story
493,giraffe,girafe
494,four,four
495,rhinoceros,rhinocos
496,wheel,wheel
497,bag,bag
498,clown,grown
499,three o clock,three o clock
500,garden,garden
501,voice,voice
502,binoculars,binoculars
503,martian,martiion
504,watch,watch
505,grasshopper,grasshopperr
506,three eggs,three egggs
507,story,story
508,crab,crab
509,bellybutton,bellybutton
510,ten,ten
511,seven,seven
512,food,food
513,treasure,treasure
514,hair,hair
515,three,three
516,that,that
517,spade,spade
518,breathe,breathe
519,splash,splash
520,mountain,mountain
521,vegemite,vegemate
522,smile,smile
523,caterpillar,caterpillar
524,card,card
525,coconut,coconut
526,cicada,cicada
527,owl,owl
528,martian,martian
529,canoe,canoe
530,treasure,treasure
531,three cups,three cups
532,stethoscope,stothoscope
533,sausage,sausage
534,three o clock,three o clock
535,skirt,skirt
536,pig,pig
537,foot,foot
538,one cup,one cup
539,vegemite,vegemite
540,tail,tail
541,jam,jam
542,vanilla,vanilla
543,zoo,zoo
544,australia,australia
545,yoyo,yoy
546,food,food
547,ride,ride
548,detective,detective
549,six,six
550,fish,fish
551,banana,banana
552,tonight,tonight
553,four,four
554,spiderweb,spideweb
555,garage,gage
556,bird,bird
557,garden,garden
558,frog,frog
559,tooth,tooth
560,clown,clown
561,three eggs,three eggs
562,elephant,elephant
563,one cup,one cup
564,skirt,skirt
565,card,card
566,two,to
567,nose,nose
568,attack,attack
569,rhinoceros,rono
570,key,key
571,garden,garden
572,light,light
573,garage,garage
574,cub,cub
575,feather,feather
576,boat,boat
577,cow,cow
578,two,to
579,hair,har
580,light,light
581,story,story
582,spaghetti,spaghetti
583,vanilla,vanilla
584,tail,tail
585,circus,circus
586,cow,cow
587,bird,bird
588,sausage,sausage
589,coconut,coconut
590,key,cheys
591,hole,hole
592,stethoscope,stethocope
593,seven,seven
594,three cups,three cups
595,bellybutton,bellybutton
596,beard,beard
597,giraffe,giraffe
598,nine,nine
599,bag,bag
600,no,no
601,shell,chell
602,six,six
603,martian,martian
604,binoculars,binoculars
605,cub,cub
606,leaf,leaf
607,hole,hole
608,fur,fur
609,crab,crab
610,bird,bird
611,four eggs,four eggs
612,boat,boat
613,mountain,mountain
614,magician,magician
615,martian,martian
616,no,no
617,one cup,one cup
618,boy,boy
619,kitchen,kitchen
620,straw,straw
621,fish,fish
622,fish,fish
623,spiderweb,spiderweb
624,doll,doll
625,spaghetti,bouschetti
626,one o clock,one o clock
627,short,short
628,ride,ride
629,story,story
630,stethoscope,stethoscope
631,watermelon,watermelon
632,vegemite,betgerpite
633,carpet,carpett
634,coconut,coconut
635,two o clock,two o clock
636,binoculars,binoculars
637,sausage,sausage
638,dessert,dessert
639,foot,foot
640,swing,swing
641,bird,bird
642,coconut,coconut
643,smile,smile
644,tomato,tomato
645,vegemite,vegemite
646,cheese,chesee
647,girl,girl
648,six,six
649,pig,pig
650,butterfly,butterfly
651,detective,detective
652,three o clock,three o clock
653,duck,duck
654,dessert,dessert
655,nine,nine
656,tooth,tooth
657,jam,jam
658,that,that
659,four o clock,four o clockk
660,three o clock,three o clock
661,girl,girl
662,key,key
663,pig,pig
664,two,to
665,straw,straw
666,swing,swing
667,watch,watch
668,hill,hill
669,play,play
670,gorilla,gorilla
671,circus,circus
672,play,play
673,garden,garden
674,seven,seven
675,banana,banana
676,duck,duck
677,four cups,four cups
678,pool,pooll
679,one egg,one egg
680,hippopotamus,hippopotamus
681,tooth,tooth
682,breathe,breathe
683,cow,ow
684,butterfly,butterfly
685,head,head
686,pig,pig
687,pool,pool
688,five,five
689,treasure,ttreasure
690,stethoscope,stethoscope
691,tail,tail
692,mountain,mountain
693,sprout,sprout
694,doll,dol
695,watermelon,watermelon
696,spade,spade
697,duck,duck
698,fish,fish
699,four eggs,foor eggs
700,canoe,cno
701,feather,feather
702,tonight,ttonight
703,hole,hole
704,shell,shell
705,elephant,elephant
706,hippopotamus,hippopotamus
707,light,light
708,ear,ear
709,leaf,leaf
710,six,six
711,clown,clooun
712,feather,featha
713,jam,jam
714,one cup,one cup
715,eight,eight
716,two o clock,two o clock
717,card,card
718,jam,jam
719,splash,splash
720,jam,jam
721,thumb,thumb
722,frog,frog
723,three,three
724,cub,cub
725,head,head
726,ride,ride
727,tonight,tonight
728,grasshopper,rasshopber
729,carpet,carpet
730,one egg,one eg
731,kitchen,kitchen
732,cucumber,cucumberr
733,binoculars,binoculars
734,hippopotamus,hippoe
735,beard,beard
736,watch,watch
737,four o clock,ou o clock
738,spiderweb,spiderweb
739,pie,pie
740,binoculars,binocumlars
741,machine,machine
742,nine,nin
743,zoo,zoo
744,pool,pool
745,flowerpot,flowerpot
746,watermelon,watermeon
747,food,food
748,yes,yes
749,vanilla,vanilla
750,swing,swing
751,cow,cow
752,sprout,sprout
753,balloon,balloon
754,ear,ear
755,fish,fish
756,potato,potato
757,watch,watch
758,snake,snake
759,ball,poll
760,shell,shell
761,play,play
762,yes,yes
763,carpet,carpet
764,food,food
765,wood,wood
766,sprout,sprout
767,thumb,thumb
768,four cups,four cups
769,watch,watch
770,cow,cow
771,spiderweb,spiderweb
772,moustache,moustache
773,bridge,bridge
774,nine,nine
775,straw,straw
776,vegemite,vegemite
777,frog,frog
778,cucumber,cucumber
779,nine,nine
780,ten,ten
781,potato,potato
782,voice,voice
783,pool,pool
784,sprout,sprout
785,jam,jam
786,sword,sword
787,fish,fish
788,garden,garden
789,voice,voice
790,coconut,coconut
791,chair,cher
792,carpet,carpet
793,moustache,moustace
794,smile,smile
795,one egg,one egg
796,dessert,dessert
797,three eggs,three eggs
798,snake,snake
799,ball,ball
800,moustache,moustache
801,mouth,mouth
802,cow,cow
803,attack,attack
804,thermometer,thermometer
805,vanilla,vanilla
806,five,five
807,bird,bird
808,sword,sword
809,swing,swingg
810,two eggs,two eggs
811,doll,dole
812,canoe,canoe
813,hippopotamus,hippopomamus
814,crocodile,crocodile
815,pig,pig
816,dessert,dessert
817,nine,nine
818,straw,straw
819,light,light
820,snake,snake
821,thumb,thumb
822,story,story
823,breathe,breathe
824,pool,pooll
825,chair,chair
826,giraffe,giraffe
827,zoo,zoo
828,hippopotamus,hippopotamus
829,thermometer,thermometer
830,frog,frog
831,boat,boat
832,nine,night
833,dessert,desser
834,hole,hoe
835,tonight,tonight
836,sausage,sausage
837,leaf,leaf
838,magician,magician
839,pool,pooll
840,frog,frog
841,rhinoceros,bhinoceos
842,boat,boat
843,bridge,bridge
844,watermelon,watermelon
845,garage,gron
846,fish,fish
847,spade,spade
848,coconut,coconut
849,two,
850,cheese,cheese
851,light,light
852,pull,pooll
853,banana,banana
854,car,car
855,wheel,wheel
856,beard,beard
857,straw,straw
858,cub,cart
859,grasshopper,grasshopper
860,cheese,cheese
861,hole,ccob
862,short,shoort
863,light,light
864,foot,foot
865,one,one
866,one,one
867,seven,seven
868,wheel,wheel
869,nine,nine
870,rhinoceros,rhinoceros
871,jam,jam
872,hair,hair
873,owl,owl
874,fur,fur
875,eight,eight
876,crocodile,crocodile
877,dinosaur,dinosauuur
878,pig,pig
879,thermometer,thermometer
880,bag,bag
881,spade,spade
882,binoculars,binocular
883,moustache,moustache
884,xylophone,xylophone
885,bridge,vegie
886,fur,fur
887,three eggs,three eggs
888,cloud,cloud
889,vegemite,vegemite
890,three o clock,three o clock
891,feather,feather
892,voice,voice
893,tail,tail
894,breathe,breathe
895,cucumber,cucumber
896,wood,wood
897,crocodile,crocodile
898,crab,clab
899,caterpillar,caterpilar
900,breathe,breathe
901,four o clock,four o clock
902,fur,fur
903,zoo,zo
904,australia,australiaa
905,flowerpot,flowerpot
906,ball,ball
907,butterfly,butterfly
908,moustache,moustache
909,cow,cow
910,wheel,wheel
911,fur,fur
912,rhinoceros,rhinoceros
913,yoyo,yoyo
914,feather,feather
915,cucumber,cucumber
916,breathe,breathe
917,two eggs,two eggs
918,watermelon,watermelon
919,elephant,elephant
920,cart,cap
921,thumb,thumb
922,sausage,sausage
923,bridge,drink
924,one o clock,one o clock
925,doll,bole
926,nose,nose
927,hippopotamus,hippopotamus
928,cart,cart
929,one egg,one egg
930,two cups,two cups
931,treasure,treasure
932,tomato,tomato
933,yoyo,yoyo
934,beard,beardd
935,voice,voice
936,balloon,balloon
937,that,that
938,smile,smile
939,garage,garage
940,sword,sword
941,machine,machine
942,giraffe,giraffe
943,jam,jam
944,tomato,tomato
945,magician,magician
946,xylophone,xylophone
947,card,card
948,giraffe,giraffe
949,six,six
950,tonight,tona
951,splash,splash
952,kitchen,kitchen
953,giraffe,giraffe
954,beard,beard
955,stethoscope,stethoscope
956,pull,pooll
957,thermometer,thermometer
958,xylophone,xylophone
959,binoculars,binocullars
960,garden,garden
961,cloud,cloud
962,pull,poo
963,pool,pooll
964,beard,beard
965,gorilla,gorilla
966,duck,duck
967,swing,swing
968,smile,smile
969,breathe,breathe
970,nose,nose
971,elephant,elephantt
972,rhinoceros,rhinoceros
973,butterfly,butterfly
974,cucumber,cucumber
975,banana,banana
976,head,head
977,six,six
978,boat,boat
979,four cups,four cups
980,eight,eight
981,spaghetti,spaghetti
982,bridge,bridge
983,no,no
984,canoe,cano
985,wood,wood
986,swing,swing
987,pie,pie
988,crocodile,crocodile
989,cloud,cloud
990,splash,splash
991,beard,beard
992,cloud,cloud
993,elephant,elephant
994,hippopotamus,hppotamus
995,spaghetti,spaghetti
996,leaf,leaf
997,card,card
998,light,light
999,carpet,carpet
1000,swing,swing
1001,australia,australia
1002,drink,drink
1003,swing,swing
1004,detective,detective
1005,mountain,mountain
1006,sword,sword
1007,ear,ear
1008,moustache,moustache
1009,wood,wood
1010,wheel,wheel
1011,crocodile,crocodile
1012,watermelon,watermellon
1013,hippopotamus,hippopotamus
1014,four cups,four cups
1015,duck,doucky
1016,five,oe
1017,skirt,skirt
1018,boat,boat
1019,swing,swing
1020,two eggs,two eggs
1021,ear,ear
1022,zoo,zoo
1023,vegemite,vegemite
1024,play,play
1025,watch,watch
1026,detective,detective
1027,cart,cart
1028,watch,watch
1029,canoe,cno
1030,hill,hill
1031,crab,crab
1032,kitchen,kitchen
1033,ball,ball
1034,dinosaur,dinosaur
1035,one egg,one egg
1036,circus,circus
1037,straw,straw
1038,four,four
1039,that,that
1040,gorilla,gorilla
1041,four o clock,four o clock
1042,stethoscope,stethoscope
1043,no,no
1044,clown,cloun
1045,xylophone,xylophone
1046,canoe,cano
1047,breathe,breathe
1048,fur,fur
1049,swing,swingg
1050,rhinoceros,rhinoceros
1051,car,car
1052,leaf,leaf
1053,short,short
1054,that,that
1055,shell,shell
1056,circus,circut
1057,australia,australia
1058,treasure,treasure
1059,boy,boy
1060,detective,detective
1061,three,three
1062,machine,machine
1063,car,car
1064,crab,crab
1065,wood,wood
1066,grasshopper,grasshpper
1067,rhinoceros,hinoceros
1068,head,head
1069,car,car
1070,thumb,thumb
1071,no,nose
1072,eight,eight
1073,cloud,cloud
1074,wood,wood
1075,carpet,carpet
1076,snake,snake
1077,boy,boy
1078,breathe,breathe
1079,two,to
1080,tooth,tooth
1081,hair,hur
1082,story,story
1083,one cup,one cup
1084,five,five
1085,six,six
1086,voice,voice
1087,crocodile,crocodil
1088,yoyo,yoyo
1089,mouth,mouth
1090,seven,seven
1091,mountain,mountain
1092,doll,doll
1093,caterpillar,catterpillar
1094,tooth,tooth
1095,garden,garden
1096,four eggs,four eggs
1097,one cup,one cup
1098,skirt,skirt
1099,three o clock,three o clock
1100,two cups,totack
1101,coconut,coconut
1102,eight,eight
1103,ride,ride
1104,three,breathe
1105,balloon,balloon
1106,cicada,cicada
1107,pool,pool
1108,garage,garage
1109,pig,pig
1110,coconut,coconut
1111,rhinoceros,thinoceros
1112,treasure,treasur
1113,eight,eight
1114,mouth,mouth
1115,tail,tail
1116,card,card
1117,rhinoceros,rhinoceros
1118,breathe,breathe
1119,tonight,tonight
1120,cub,car
1121,head,head
1122,nose,nose
1123,ear,ear
1124,one o clock,one o clock
1125,vanilla,vanilla
1126,cucumber,cucumber
1127,caterpillar,caterpillar
1128,watch,watch
1129,story,story
1130,that,that
1131,grasshopper,grasshopber
1132,hair,hair
1133,short,short
1134,cow,cow
1135,tail,tail
1136,crocodile,crocodile
1137,story,story
1138,coconut,croconut
1139,garage,garage
1140,bridge,bridge
1141,one egg,one egg
1142,hill,hill
1143,foot,foot
1144,thermometer,thermometer
1145,kitchen,kitchen
1146,four eggs,four eggs
1147,sword,sword
1148,car,car
1149,play,play
1150,nose,nose
1151,food,food
1152,balloon,balloon
1153,mouth,mouth
1154,shell,shell
1155,feather,feather
1156,pull,pooll
1157,spaghetti,spaghetti
1158,sausage,sausagee
1159,five,five
1160,foot,foot
1161,short,short
1162,hole,hole
1163,light,light
1164,three,three
1165,potato,potato
1166,ear,ear
1167,voice,voice
1168,smile,smile
1169,four eggs,four eggs
1170,play,play
1171,five,five
1172,bridge,bridge
1173,crab,crab
1174,smile,smile
1175,kangaroo,kangaroo
1176,head,head
1177,jam,jam
1178,bag,bag
1179,moustache,moustache
1180,fur,too
1181,tail,tail
1182,two eggs,two eggs
1183,kangaroo,kangaroo
1184,three o clock,three o clock
1185,head,head
1186,crocodile,crocodile
1187,cicada,cicada
1188,frog,
1189,vanilla,vanilla
1190,boy,boy
1191,chair,chair
1192,shell,shell
1193,garden,garden
1194,fish,fish
1195,vanilla,vanilla
1196,wood,wood
1197,hill,hill
1198,watch,watch
1199,kitchen,kitchen
1200,voice,voice
1201,shell,shell
1202,garden,garden
1203,caterpillar,caterpillar
1204,circus,circus
1205,dinosaur,dinosaur
1206,key,chey
1207,magician,magician
1208,cloud,cloud
1209,grasshopper,grasshopper
1210,cloud,cloud
1211,three o clock,three o clock
1212,vanilla,vanilla
1213,watermelon,watermelon
1214,cloud,cloud
1215,watch,watch
1216,ride,ride
1217,that,that
1218,pig,pig
1219,machine,machine
1220,butterfly,butterfly
1221,watermelon,watermelon
1222,vanilla,vanilla
1223,chair,chair
1224,head,head
1225,attack,attack
1226,food,food
1227,wheel,wheel
1228,two eggs,two eggs
1229,eight,eight
1230,feather,feather
1231,nine,nine
1232,bridge,bridge
1233,girl,girl
1234,shell,shell
1235,thumb,thumb
1236,dessert,dessert
1237,vegemite,vegemite
1238,that,that
1239,nose,nose
1240,short,short
1241,thermometer,thermometer
1242,four o clock,four o clock
1243,pig,pig
1244,voice,voice
1245,tomato,tomato
1246,leaf,leaf
1247,skirt,skirt
1248,yoyo,yoyo
1249,card,card
1250,boy,boy
1251,clown,clowun
1252,cub,cub
1253,xylophone,xylophone
1254,garden,gardenn
1255,gorilla,gorilla
1256,owl,ow
1257,mouth,mouth
1258,garage,garage
1259,circus,circus
1260,beard,beard
1261,four,four
1262,tooth,tooth
1263,car,car
1264,thermometer,thermometer
1265,play,play
1266,rhinoceros,rhina
1267,jam,jam
1268,mountain,mountain
1269,nine,nine
1270,four,fo
1271,canoe,cano
1272,play,play
1273,martian,martian
1274,four o clock,four o clock
1275,sausage,sausage
1276,sword,sword
1277,binoculars,binoculars
1278,beard,beard
1279,canoe,cano
1280,thermometer,themoometer
1281,kitchen,kitchen
1282,three eggs,three eggs
1283,car,car
1284,foot,foot
1285,two cups,two cups
1286,voice,voice
1287,three o clock,three o clock
1288,bellybutton,bellybutton
1289,rhinoceros,rhinoceros
1290,flowerpot,slowerpot
1291,yes,yes
1292,seven,seven
1293,short,short
1294,cow,cow
1295,moustache,moustache
1296,one egg,one egg
1297,four eggs,four eggs
1298,flowerpot,flowerpot
1299,play,play
1300,garden,garden
1301,thumb,thumb
1302,five,fivee
1303,owl,owl
1304,one,rod
1305,pool,pooll
1306,play,play
1307,ride,ride
1308,cub,cub
1309,ear,ear
1310,voice,voice
1311,smile,smile
1312,two cups,two cups
1313,cicada,cicada
1314,mouth,mouth
1315,head,head
1316,grasshopper,grasshopper
1317,beard,
1318,car,car
1319,bird,bird
1320,ball,ball
1321,one cup,one cup
1322,story,story
1323,treasure,treasure
1324,garden,garden
1325,elephant,elephant
1326,wheel,wheel
1327,mountain,mountain
1328,giraffe,giraffe
1329,one o clock,one o clock
1330,bridge,bridge
1331,light,light
1332,girl,girl
1333,giraffe,giraffe
1334,yes,yes
1335,six,six
1336,three cups,three cups
1337,ten,ten
1338,treasure,treasure
1339,that,that
1340,cart,cart
1341,two,to
1342,duck,duck
1343,ride,ride
1344,frog,fog
1345,magician,magician
1346,thermometer,thermometer
1347,cucumber,cucumber
1348,hippopotamus,hippopotamus
1349,two o clock,two o clock
1350,yes,yes
1351,moustache,moustache
1352,circus,circus
1353,seven,seven
1354,binoculars,binoculars
1355,ear,ear
1356,that,that
1357,cart,card
1358,mountain,mountain
1359,ball,poll
1360,potato,potato
1361,hill,hill
1362,watermelon,watermelon
1363,pie,pie
1364,kitchen,kitchen
1365,garage,garage
1366,one o clock,one o clock
1367,treasure,treasure
1368,caterpillar,caterpillar
1369,pool,pooll
1370,four eggs,four eggs
1371,canoe,cano
1372,hill,che
1373,straw,straw
1374,dinosaur,dinosauur
1375,jam,jam
1376,four o clock,four o clock
1377,bird,bird
1378,treasure,treasure
1379,beard,beard
1380,kitchen,kitchen
1381,cart,cart
1382,ride,ride
1383,two cups,two cups
1384,watermelon,watermellon
1385,clown,cloun
1386,ten,ten
1387,garage,garage
1388,girl,girl
1389,two cups,two cups
1390,cart,cart
1391,foot,foot
1392,tomato,tomato
1393,two,two
1394,cheese,cheese
1395,pie,pipe
1396,ten,ten
1397,four cups,four cups
1398,machine,machine
1399,xylophone,xylophone
1400,mouth,mouth
1401,cart,cart
1402,foot,foot
1403,giraffe,giraffe
1404,boat,boat
1405,wheel,wheel
1406,spiderweb,spiderweb
1407,boy,boy
1408,tomato,tomato
1409,fur,por
1410,cucumber,cicoma
1411,snake,snake
1412,binoculars,binoculars
1413,yoyo,yoyo
1414,two,to
1415,spade,spade
1416,smile,smile
1417,ear,ear
1418,dessert,dessert
1419,potato,potato
1420,bridge,bridge
1421,sausage,sausage
1422,tooth,tooth
1423,cucumber,cucumber
1424,watch,watch
1425,boat,boat
1426,girl,girl
1427,pull,pooll
1428,rhinoceros,rhinoceros
1429,two eggs,two eggs
1430,two eggs,two eggs
1431,skirt,skirt
1432,flowerpot,flowerpot
1433,stethoscope,stethoscope
1434,binoculars,binoculars
1435,six,six
1436,tail,tail
1437,three cups,three cups
1438,sword,sword
1439,sprout,spout
1440,zoo,zoo
1441,chair,chair
1442,crab,crab
1443,attack,attack
1444,fish,fish
1445,wood,
1446,spaghetti,spaghetti
1447,tooth,tooth
1448,pie,pie
1449,shell,shell
1450,potato,potato
1451,pig,pig
1452,ride,ridee
1453,yoyo,yoyo
1454,watermelon,watermelon
1455,banana,banana
1456,ride,ride
1457,splash,splash
1458,tooth,tooth
1459,beard,beard
1460,gorilla,gorllilla
1461,xylophone,xylophone
1462,owl,owl
1463,three cups,three cups
1464,leaf,leaf
1465,australia,australia
1466,fish,fish
1467,two o clock,two o clock
1468,detective,detective
1469,key,key
1470,circus,circus
1471,hair,hair
1472,kitchen,kitchen
1473,wood,wood
1474,vegemite,vegemite
1475,thermometer,themometer
1476,eight,eight
1477,canoe,canoe
1478,two,two
1479,dessert,dessert
1480,ten,ten
1481,breathe,breathe
1482,thermometer,thermometer
1483,leaf,breathe
1484,doll,dole
1485,banana,banana
1486,frog,frog
1487,magician,magician
1488,watch,watch
1489,pig,pig
1490,head,head
1491,grasshopper,grasshopper
1492,nose,nose
1493,two o clock,two o clock
1494,four eggs,four eggs
1495,car,car
1496,car,car
1497,watch,watcch
1498,stethoscope,tethoscope
1499,bridge,bridge
1500,thumb,thumb
1501,rhinoceros,rhinococos
1502,two,to
1503,bird,bird
1504,car,car
1505,thermometer,thrometer
1506,tail,tail
1507,food,food
1508,key,key
1509,feather,feather
1510,shell,shell
1511,kangaroo,kangaroo
1512,key,key
1513,frog,frog
1514,story,story
1515,machine,machine
1516,doll,dol
1517,crocodile,ccrocodile
1518,straw,straw
1519,duck,duck
1520,jam,jam
1521,that,that
1522,skirt,skirt
1523,feather,feather
1524,beard,beard
1525,cicada,cicada
1526,pull,pool
1527,feather,feather
1528,two eggs,two eggs
1529,fish,fish
1530,pool,pool
1531,zoo,zoo
1532,beard,beard
1533,four o clock,four o clock
1534,tail,tail
1535,doll,dolle
1536,machine,machinne
1537,mouth,mouth
1538,two,to
1539,hippopotamus,hippopotamus
1540,kitchen,kitchen
1541,sprout,sprout
1542,foot,foot
1543,garden,garden
1544,magician,magician
1545,banana,banana
1546,butterfly,butterfly
1547,mouth,mouth
1548,crocodile,crrocodile
1549,skirt,skirt
1550,nose,nose
1551,smile,smilee
1552,grasshopper,grasshopper
1553,crab,crab
1554,two cups,two cups
1555,sprout,sprout
1556,gorilla,gorilla
1557,clown,cloud
1558,cub,cub
1559,carpet,carpett
1560,three eggs,three eggg
1561,ten,ten
1562,hill,hill
1563,vegemite,vegemite
1564,two o clock,two o clock
1565,six,six
1566,hippopotamus,hippopotamus
1567,voice,voice
1568,three o clock,three o clock
1569,three,three
1570,attack,attack
1571,spaghetti,spaghetti
1572,cub,cub
1573,spiderweb,sspiderweb
1574,that,thit
1575,cheese,cheese
1576,swing,trea
1577,kangaroo,kagaroo
1578,flowerpot,flowerpot
1579,elephant,elephant
1580,one,ine
1581,four eggs,four eggs
1582,three eggs,three egggeses
1583,smile,smil
1584,kangaroo,kangaroo
1585,two,two
1586,tonight,tonight
1587,hair,hair
1588,stethoscope,stethoscope
1589,pull,pooll
1590,straw,shraw
1591,three cups,three cups
1592,bridge,bridge
1593,nine,nine
1594,boat,boat
1595,stethoscope,hecocope
1596,ear,ear
1597,bridge,bridge
1598,nine,nin
1599,three o clock,three o clock
1600,boy,boy
1601,owl,owl
1602,hole,hole
1603,elephant,elephant
1604,treasure,treasure
1605,hill,hill
1606,magician,magician
1607,boy,boy
1608,drink,drink
1609,rhinoceros,rhinoceros
1610,watermelon,watermelon
1611,card,card
1612,straw,straw
1613,seven,seven
1614,grasshopper,grasshopper
1615,martian,martian
1616,mountain,mountain
1617,short,short
1618,no,no
1619,circus,circus
1620,story,story
1621,three o clock,three o clock
1622,three eggs,three eggs
1623,light,night
1624,clown,clound
1625,yoyo,yoyo
1626,tomato,tomato
1627,cicada,cicada
1628,martian,martian
1629,gorilla,gorilla
1630,clown,clound
1631,three cups,three cups
1632,smile,smile
1633,that,that
1634,ear,ear
1635,story,story
1636,one cup,one cup
1637,stethoscope,stethoscope
1638,kangaroo,kangaroo
1639,fish,fish
1640,elephant,elephant
1641,eight,ight
1642,elephant,elephant
1643,pool,poull
1644,two,
1645,canoe,canoe
1646,crab,crab
1647,play,play
1648,flowerpot,flowerpot
1649,two o clock,two o clock
1650,garage,garage
1651,three eggs,three eggs
1652,chair,chair
1653,australia,australia
1654,that,that
1655,kitchen,kitchenn
1656,six,six
1657,flowerpot,flowerpot
1658,four,four
1659,rhinoceros,rhinoceros
1660,sausage,sausage
1661,spade,spade
1662,flowerpot,flowerpot
1663,kitchen,kitchen
1664,car,tat
1665,detective,detective
1666,key,chees
1667,hippopotamus,cippot
1668,tail,tail
1669,pull,pool
1670,eight,eight
1671,watch,watch
1672,bag,bag
1673,no,no
1674,two cups,two cups
1675,three,three
1676,spade,spade
1677,girl,girl
1678,flowerpot,flowerpot
1679,ten,ten
1680,owl,owl
1681,rhinoceros,rinosos
1682,elephant,elephant
1683,shell,shell
1684,mountain,mountain
1685,jam,jam
1686,feather,feather
1687,detective,detective
1688,three o clock,three o clock
1689,boat,boat
1690,pie,pie
1691,car,car
1692,caterpillar,caterpillarr
1693,two eggs,two eggs
1694,pull,pool
1695,clown,clound
1696,flowerpot,flowerpot
1697,bellybutton,bellybutton
1698,martian,martian
1699,splash,splash
1700,short,short
1701,one,one
1702,two,two
1703,attack,attack
1704,xylophone,skylopho
1705,crab,crab
1706,eight,icup
1707,detective,potatos
1708,one egg,one egg
1709,no,no
1710,foot,foot
1711,kangaroo,kanngaroo
1712,spiderweb,spiderweb
1713,four o clock,four o clock
1714,frog,frog
1715,pool,poull
1716,spade,spade
1717,nine,nine
1718,hair,hair
1719,tonight,tonight
1720,yes,beo
1721,hole,hole
1722,treasure,treasure
1723,mouth,mouth
1724,snake,snake
1725,hippopotamus,hiptpopotamus
1726,treasure,treasure
1727,rhinoceros,rineope
1728,short,short
1729,binoculars,binoculars
1730,kangaroo,kangaroo
1731,one egg,one egg
1732,ball,ball
1733,key,kheys
1734,stethoscope,tethotoscope
1735,stethoscope,stethoscope
1736,ball,bo
1737,skirt,skirt
1738,tail,tail
1739,swing,swing
1740,tail,tail
1741,bellybutton,bellybutton
1742,thumb,thumb
1743,duck,duck
1744,thermometer,thermometer
1745,four o clock,four o clock
1746,crab,crab
1747,eight,eight
1748,fish,fish
1749,tail,tail
1750,magician,magician
1751,xylophone,xylophone
1752,card,card
1753,cheese,cheese
1754,thermometer,thermometer
1755,bellybutton,bellybutton
1756,beard,beay
1757,caterpillar,caterpillar
1758,one o clock,one o clock
1759,detective,detective
1760,wood,wood
1761,three cups,three cups
1762,nose,nose
1763,martian,martian
1764,treasure,treasure
1765,story,story
1766,spiderweb,spiderweb
1767,ten,ten
1768,foot,foot
1769,duck,duck
1770,carpet,carpet
1771,banana,banana
1772,two eggs,do egs
1773,story,story
1774,eight,eight
1775,head,head
1776,canoe,cano
1777,bag,bag
1778,hair,hair
1779,cheese,cheese
1780,hair,hair
1781,canoe,canoe
1782,frog,frog
1783,skirt,skirt
1784,cart,cart
1785,leaf,leaf
1786,leaf,leaf
1787,car,car
1788,mountain,mountai
1789,one o clock,one o clock
1790,cart,cart
1791,tomato,tomato
1792,jam,jam
1793,xylophone,ylophone
1794,pig,pig
1795,garage,garage
1796,crocodile,crocodile
1797,sprout,sparout
1798,gorilla,gorilla
1799,ear,ear
1800,attack,attack
1801,one cup,one cup
1802,pie,pie
1803,drink,drink
1804,moustache,moustache
1805,five,five
1806,cub,cub
1807,xylophone,xylophone
1808,three cups,three cups
1809,that,thatt
1810,two,to
1811,martian,martian
1812,that,that
1813,mouth,mouth
1814,jam,jam
1815,vegemite,vegemite
1816,cicada,cicada
1817,pig,pig
1818,boat,boat
1819,clown,clound
1820,boy,boy
1821,vanilla,vano
1822,pull,pooll
1823,light,light
1824,doll,dol
1825,bellybutton,bellybuttonn
1826,pig,pig
1827,balloon,balloon
1828,smile,smile
1829,grasshopper,grasshopper
1830,bridge,bridge
1831,no,no
1832,owl,ow
1833,tooth,tooth
1834,story,story
1835,spade,spade
1836,ear,ear
1837,hippopotamus,hippoppotamus
1838,seven,seven
1839,three cups,three cups
1840,one o clock,one o clock
1841,bridge,bridggee
1842,sprout,sprout
1843,eight,eight
1844,tomato,totomatos
1845,duck,duck
1846,four o clock,four o clock
1847,doll,doll
1848,three eggs,three eggs
1849,balloon,ballloon
1850,hill,help
1851,no,no
1852,hole,hole
1853,owl,owl
1854,breathe,breathe
1855,eight,get
1856,ball,ball
1857,moustache,moustache
1858,butterfly,butterfly
1859,foot,foot
1860,pig,pig
1861,ball,ball
1862,mountain,mountain
1863,spade,spadeo
1864,cicada,cicada
1865,head,head
1866,wheel,wheel
1867,four,four
1868,foot,foot
1869,sprout,sprout
1870,bellybutton,bellybutton
1871,three,three
1872,coconut,coconut
1873,foot,foot
1874,martian,martian
1875,bird,bird
1876,coconut,coconut
1877,two eggs,two eggs
1878,circus,circus
1879,spiderweb,spiderweb
1880,boy,boy
1881,tomato,tomato
1882,garage,garage
1883,three eggs,three eggs
1884,kitchen,kitchen
1885,ear,ear
1886,nose,nose
1887,ball,ball
1888,pool,pooll
1889,light,ride
1890,balloon,balloon
1891,balloon,balloon
1892,card,card
1893,straw,straw
1894,food,food
1895,breathe,breathe
1896,grasshopper,grasshopperr
1897,two o clock,two o clock
1898,cub,cub
1899,swing,swing
1900,tomato,tomado
1901,grasshopper,grasshopper
1902,watermelon,watermelon
1903,one,one
1904,one o clock,one o clock
1905,flowerpot,flowerpot
1906,that,that
1907,hill,hill
1908,key,chey
1909,bridge,bridge
1910,vegemite,vegemite
1911,giraffe,giraffe
1912,two eggs,two eggs
1913,bellybutton,bellybutton
1914,spade,spade
1915,treasure,treasurre
1916,drink,drink
1917,fur,fur
1918,sword,sword
1919,circus,circus
1920,feather,feather
1921,cub,cub
1922,spaghetti,spaghetti
1923,light,light
1924,yoyo,yoyo
1925,breathe,breathe
1926,boy,boy
1927,feather,feather
1928,cicada,cicada
1929,tonight,tonight
1930,three o clock,three o clock
1931,dinosaur,dinosaur
1932,food,food
1933,three cups,three cups
1934,one cup,one cup
1935,xylophone,xylophone
1936,magician,magician
1937,binoculars,binoculars
1938,story,story
1939,cloud,cloud
1940,sword,sword
1941,australia,australia
1942,jam,jam
1943,three eggs,three egs
1944,flowerpot,flowerpot
1945,owl,owl
1946,watermelon,watermon
1947,one o clock,one o clock
1948,giraffe,giraffe
1949,bag,bag
1950,no,no
1951,frog,frog
1952,nose,nose
1953,four eggs,four eggs
1954,dinosaur,dinosaur
1955,foot,foot
1956,vegemite,vegemite
1957,cow,cow
1958,one,one
1959,circus,circus
1960,detective,detective
1961,kangaroo,kangaro
1962,foot,foot
1963,eight,eight
1964,pie,pie
1965,one cup,one cup
1966,duck,duck
1967,sprout,sprout
1968,magician,magician
1969,cart,cart
1970,beard,beard
1971,hair,hair
1972,butterfly,butterfly
1973,kitchen,kitchen
1974,coconut,croconut
1975,fish,fish
1976,pie,pie
1977,cucumber,cucummber
1978,sausage,sausage
1979,fish,fish
1980,four o clock,four o clockk
1981,breathe,breathe
1982,treasure,treasure
1983,skirt,skirt
1984,head,head
1985,treasure,treasure
1986,cloud,ccloud
1987,giraffe,giraffe
1988,three eggs,three eggs
1989,spaghetti,spateghetti
1990,potato,potato
1991,hippopotamus,hippopotamus
1992,card,card
1993,chair,chair
1994,two o clock,two o clock
1995,bird,bird
1996,crocodile,crocodile
1997,tooth,toothe
1998,yes,yes
1999,four,four
2000,butterfly,butterfly
2001,four cups,four cups
2002,head,head
2003,boy,boy
2004,snake,snake
2005,mountain,mountain
2006,ear,ear
2007,tail,tail
2008,spade,spade
2009,grasshopper,grasshopper
2010,four cups,four cups
2011,tonight,tonight
2012,spiderweb,pspaderweb
2013,sprout,skraff
2014,cheese,cheese
2015,magician,magician
2016,duck,duck
2017,two,two
2018,dessert,dessert
2019,sausage,sausage
2020,cicada,cicada
2021,hill,hill
2022,mountain,mountain
2023,two,t
2024,tomato,tomato
2025,pool,pool
2026,seven,seven
2027,three cups,three cups
2028,ball,bore
2029,spade,spade
2030,four eggs,four eggs
2031,cicada,cicada
2032,three,three
2033,dinosaur,dinosaur
2034,leaf,leaf
2035,feather,feather
2036,six,six
2037,nose,nose
2038,two o clock,two o clock
2039,that,do
2040,snake,snake
2041,beard,beard
2042,wheel,wheel
2043,three o clock,three o clock
2044,attack,attack
2045,spade,spade
2046,nine,nine
2047,vegemite,vegemite
2048,tonight,tonight
2049,splash,splash
2050,breathe,breathe
2051,boy,boy
2052,spiderweb,spiderweb
2053,thermometer,thermometer
2054,foot,foot
2055,sausage,sausage
2056,bridge,bridge
2057,garage,garage
2058,four,fo
2059,seven,seven
2060,no,no
2061,card,card
2062,seven,seven
2063,key,chees
2064,cow,cow
2065,chair,tail
2066,car,car
2067,breathe,breathe
2068,short,short
2069,three eggs,three eggs
2070,light,ridte
2071,cow,cow
2072,cucumber,cucumber
2073,five,five
2074,potato,potato
2075,carpet,carpett
2076,dinosaur,dinosauuur
2077,one,one
2078,stethoscope,kotato
2079,skirt,skirt
2080,cow,cow
2081,no,no
2082,caterpillar,caterpillar
2083,pull,pool
2084,boat,boat
2085,bag,bag
2086,smile,smile
2087,vanilla,vanilla
2088,gorilla,gorilla
2089,dinosaur,dinosaauur
2090,one cup,one cup
2091,car,car
2092,thumb,thumb
2093,swing,swing
2094,shell,shell
2095,kangaroo,kangaroo
2096,tomato,tomato
2097,four o clock,four o clock
2098,foot,foot
2099,grasshopper,grasshopper
2100,dessert,dessert
2101,cart,cart
2102,food,food
2103,straw,straw
2104,pie,pie
2105,bellybutton,bellybutton
2106,feather,feather
2107,vanilla,vanilla
2108,straw,straw
2109,five,pide
2110,mouth,mouth
2111,cucumber,cucumber
2112,feather,feather
2113,swing,swing
2114,four o clock,four o clock
2115,seven,seven
2116,one cup,one cup
2117,three eggs,three eggs
2118,two cups,two ca
2119,ride,ride
2120,coconut,coconut
2121,pig,pig
2122,wheel,wheel
2123,three cups,three cups
2124,watch,watch
2125,treasure,treasure
2126,stethoscope,stethoscope
2127,fur,fur
2128,play,play
2129,cheese,cheese
2130,nose,nose
2131,thumb,thumb
2132,nose,nose
2133,mountain,mountilia
2134,cicada,cicada
2135,coconut,coconut
2136,ride,ride
2137,four cups,four cups
2138,shell,shell
2139,splash,splash
2140,gorilla,gorilla
2141,duck,duck
2142,australia,australia
2143,sausage,sausage
2144,ride,ride
2145,clown,clowund
2146,pig,pig
2147,duck,duck
2148,balloon,balloon
2149,spaghetti,skhetti
2150,canoe,cano
2151,one,one
2152,four o clock,four o clock
2153,kitchen,kitchen
2154,ball,ball
2155,binoculars,binoculars
2156,attack,attack
2157,binoculars,binoculars
2158,three,b
2159,zoo,zoo
2160,hill,hill
2161,kitchen,kitchenn
2162,cub,cub
2163,cub,cub
2164,car,car
2165,hippopotamus,hippopotamus
2166,yes,yes
2167,shell,shell
2168,australia,australia
2169,machine,machinee
2170,crab,crab
2171,pool,pooll
2172,one o clock,one o clock
2173,flowerpot,flowerpot
2174,magician,magician
2175,three eggs,three eggs
2176,three eggs,three eggs
2177,detective,detective
2178,garage,girage
2179,treasure,treasure
2180,thumb,thumb
2181,detective,detective
2182,circus,circut
2183,garage,garage
2184,hole,hole
2185,duck,duck
2186,hippopotamus,hippopotamus
2187,key,key
2188,three cups,three cups
2189,vegemite,vegemite
2190,carpet,carpet
2191,kitchen,kitchen
2192,foot,foot
2193,bridge,bridge
2194,skirt,skirt
2195,watermelon,watermelo
2196,jam,jamm
2197,sausage,sausage
2198,feather,foeather
2199,sprout,sprout
2200,voice,voice
2201,mountain,mountain
2202,circus,circus
2203,ear,ear
2204,hair,hair
2205,key,kay
2206,banana,banana
2207,tonight,tonight
2208,three o clock,three o clock
2209,cicada,cicada
2210,pull,pooll
2211,two o clock,two o clock
2212,four,four
2213,spiderweb,spiderweb
2214,three cups,three cups
2215,mountain,mountai
2216,four,f
2217,card,card
2218,two cups,two cups
2219,elephant,elephantt
2220,splash,splash
2221,wood,wood
2222,that,that
2223,bridge,bridge
2224,breathe,breathe
2225,foot,foot
2226,ear,ear
2227,ball,b
2228,mouth,mouth
2229,nose,nose
2230,magician,magician
2231,nose,nose
2232,cart,cart
2233,leaf,leaf
2234,crocodile,crocodile
2235,short,short
2236,bag,bag
2237,fur,f
2238,pull,pool
2239,tooth,tooth
2240,two,to
2241,one cup,one cup
2242,xylophone,xylophant
2243,gorilla,gorilla
2244,owl,coud
2245,pull,pool
2246,four,four
2247,bridge,bridge
2248,watermelon,watermelon
2249,cub,cub
2250,that,do
2251,hole,hole
2252,six,six
2253,moustache,moustache
2254,vegemite,vegemite
2255,elephant,elephant
2256,tooth,tooce
2257,three o clock,three o clock
2258,three o clock,three o clock
2259,thumb,thumb
2260,pie,pie
2261,card,card
2262,four,four
2263,three,three
2264,one,
2265,australia,australia
2266,tomato,tomato
2267,flowerpot,flowerpot
2268,nose,nose
2269,yes,yes
2270,magician,magician
2271,thumb,thumb
2272,wheel,wheel
2273,xylophone,xylophonne
2274,clown,clown
2275,spaghetti,spaghetti
2276,nose,nose
2277,xylophone,xylophone
2278,that,that
2279,kitchen,kitchen
2280,ride,ride
2281,fish,fish
2282,three,three
2283,key,key
2284,garage,garage
2285,bellybutton,bellybutton
2286,food,food
2287,nose,nose
2288,cucumber,cucumber
2289,yes,yes
2290,pool,pooll
2291,cheese,cheese
2292,six,sig
2293,light,ride
2294,martian,martian
2295,cow,cow
2296,snake,snake
2297,ten,ten
2298,fur,fur
2299,moustache,moustache
2300,butterfly,butterfly
2301,wheel,wheel
2302,splash,splash
2303,fur,fuu
2304,food,soos
2305,cheese,cheese
2306,story,story
2307,hole,hole
2308,machine,machine
2309,magician,magician
2310,yes,yes
2311,bird,bird
2312,snake,snake
2313,mouth,mouth
2314,voice,voice
2315,cow,cow
2316,detective,detective
2317,stethoscope,steothocope
2318,light,light
2319,one o clock,one o clock
2320,five,five
2321,tonight,tonight
2322,tonight,tonight
2323,pig,pig
2324,cicada,cicada
2325,two cups,two cups
2326,fish,fish
2327,swing,swing
2328,ball,boll
2329,wood,bood
2330,balloon,balloon
2331,elephant,elephant
2332,nose,nose
2333,no,no
2334,car,car
2335,yoyo,yoyo
2336,smile,smile
2337,four eggs,four eggs
2338,cloud,cloud
2339,one o clock,one o clock
2340,sword,sword
2341,two,to
2342,hill,hill
2343,one,one
2344,car,car
2345,two o clock,two o clock
2346,three eggs,three eggs
2347,girl,girl
2348,tomato,tomato
2349,pull,poull
2350,vegemite,vegemite
2351,one cup,one cup
2352,mountain,mountain
2353,spiderweb,spiderweb
2354,australia,australia
2355,six,six
2356,three o clock,three o clock
2357,card,card
2358,four,four
2359,that,that
2360,hair,head
2361,garden,garden
2362,gorilla,gorilla
2363,grasshopper,grasshopper
2364,chair,chair
2365,rhinoceros,rhinoceros
2366,three eggs,three eggs
2367,zoo,zoo
2368,clown,cow
2369,four eggs,four eggs
2370,pull,pooll
2371,kitchen,kitchen
2372,canoe,canoe
2373,carpet,carpet
2374,drink,drink
2375,frog,fou
2376,fish,fish
2377,gorilla,gorilla
2378,foot,foot
2379,key,key
2380,grasshopper,grasshopperr
2381,garden,garden
2382,thumb,trub
2383,duck,duck
2384,nose,nose
2385,seven,sov
2386,crab,groube
2387,seven,seven
2388,one cup,one cup
2389,fur,fur
2390,drink,drink
2391,smile,smile
2392,banana,banana
2393,spaghetti,spaghetti
2394,watch,watch
2395,zoo,zoo
2396,four,four
2397,no,no
2398,three o clock,three o clock
2399,hole,hole
2400,crab,crab
2401,vanilla,vanilla
2402,spiderweb,spiderweb
2403,detective,detective
2404,bird,bird
2405,bird,bird
2406,grasshopper,grasshopper
2407,magician,magician
2408,head,head
2409,zoo,zoo
2410,light,light
2411,dinosaur,dinosauuu
2412,jam,jam
2413,dessert,dessert
2414,bridge,bridge
2415,one o clock,one o clock
2416,vegemite,vegemite
2417,ear,ear
2418,grasshopper,grasshopper
2419,machine,machine
2420,two eggs,two eggs
2421,coconut,coconut
2422,sword,sword
2423,ten,ten
2424,chair,chair
2425,one,one
2426,two o clock,two o clock
2427,hair,hair
2428,spiderweb,spiderweb
2429,four eggs,four eggs
2430,skirt,skirt
2431,splash,splash
2432,spaghetti,spathetti
2433,watermelon,watermelon
2434,butterfly,butterfly
2435,kangaroo,kangaroo
2436,jam,jam
2437,wheel,wheel
2438,butterfly,butterfly
2439,kangaroo,kangaroo
2440,chair,chair
2441,one egg,one egg
2442,boat,boat
2443,stethoscope,sigesaca
2444,spade,bade
2445,cart,cart
2446,watermelon,waterbellon
2447,short,short
2448,australia,australia
2449,binoculars,binoculars
2450,owl,owl
2451,eight,eight
2452,mountain,mountain
2453,attack,attack
2454,no,no
2455,shell,shel
2456,sausage,sausage
2457,ten,ten
2458,key,key
2459,five,five
2460,dessert,dessert
2461,owl,ow
2462,that,that
2463,machine,machine
2464,hippopotamus,hippopotamus
2465,caterpillar,caterpillar
2466,feather,feather
2467,two eggs,two eggs
2468,five,five
2469,chair,chair
2470,detective,detective
2471,cicada,cicada
2472,four cups,four cups
2473,rhinoceros,rhinoceros
2474,treasure,treasure
2475,cloud,clooud
2476,one,o
2477,ride,ride
2478,sausage,sausage
2479,feather,feathe
2480,sausage,sausage
2481,balloon,balloon
2482,story,story
2483,machine,machhine
2484,light,light
2485,voice,voice
2486,attack,attack
2487,vanilla,vanilla
2488,caterpillar,caterpillar
2489,ball,ball
2490,bird,bird
2491,two cups,two cups
2492,two,to
2493,frog,frog
2494,nine,nine
2495,boy,boy
2496,one egg,one egg
2497,cart,cart
2498,mountain,mountainn
2499,four cups,four cups
2500,pie,piee
2501,pig,pig
2502,pull,pooll
2503,bridge,boosh
2504,dinosaur,dinosauur
2505,seven,seve
2506,bellybutton,bellybutton
2507,garden,gardanon
2508,light,light
2509,one egg,one egg
2510,two,to
2511,tail,tail
2512,detective,dotetive
2513,one egg,one egg
2514,stethoscope,stethoscope
2515,cow,co
2516,beard,beard
2517,dessert,dessert
2518,drink,drink
2519,smile,smile
2520,magician,magician
2521,tooth,tooth
2522,kitchen,kitchen
2523,sword,sword
2524,shell,show
2525,hill,hill
2526,cucumber,cucumber
2527,yoyo,yoyo
2528,two o clock,two o clock
2529,snake,snake
2530,garden,garden
2531,tooth,tooth
2532,spade,spade
2533,chair,chair
2534,sword,sword
2535,attack,attack
2536,binoculars,binocula
2537,bellybutton,bellybuttonn
2538,splash,splash
2539,duck,duck
2540,ear,ear
2541,hill,hill
2542,cucumber,cucumber
2543,ten,ten
2544,fur,fur
2545,boat,boat
2546,four,four
2547,thumb,thumb
2548,owl,owl
2549,tooth,tooth
2550,key,key
2551,cheese,cheese
2552,treasure,treasure
2553,cub,cub
2554,four,four
2555,girl,ge
2556,ride,ride
2557,yes,yes
2558,crab,crab
2559,skirt,skirt
2560,attack,attack
2561,crocodile,crocodiile
2562,garage,garage
2563,no,note
2564,cloud,cloud
2565,drink,drink
2566,pool,pooll
2567,thermometer,thermometer
2568,detective,detective
2569,hair,hair
2570,mouth,mouth
2571,straw,straw
2572,two o clock,two o clock
2573,coconut,coconut
2574,one egg,one egg
2575,four eggs,four eggs
2576,banana,banana
2577,spiderweb,spiderweb
2578,crocodile,crocodille
2579,beard,beard
2580,wood,wood
2581,giraffe,giraffe
2582,one,one
2583,jam,jam
2584,four cups,four cups
2585,bridge,bridge
2586,cicada,cicada
2587,flowerpot,flowerpot
2588,dinosaur,dinosauur
2589,xylophone,xylophone
2590,shell,shell
2591,six,six
2592,one egg,one egg
2593,treasure,treasur
2594,one cup,one cup
2595,straw,straw
2596,fur,fir
2597,caterpillar,caterpillar
2598,cart,cart
2599,hair,hair
2600,rhinoceros,rnoceros
2601,crab,crab
2602,spaghetti,spaghetti
2603,leaf,leaf
2604,thumb,thumb
2605,four eggs,four eggs
2606,shell,cell
2607,doll,jo
2608,wood,wood
2609,martian,martian
2610,food,food
2611,australia,australia
2612,drink,drink
2613,crab,crab
2614,skirt,skirt
2615,ear,ear
2616,hair,hair
2617,feather,feather
2618,binoculars,binoculars
2619,breathe,breathe
2620,garage,garage
2621,balloon,balloon
2622,four o clock,four o clock
2623,smile,smille
2624,pull,to
2625,tail,tail
2626,moustache,moustache
2627,pie,pie
2628,watermelon,watermelon
2629,pull,pool
2630,sprout,sprout
2631,eight,eight
2632,bridge,bridge
2633,hole,hole
2634,foot,foot
2635,spaghetti,spaghetchi
2636,ride,ride
2637,sprout,sprout
2638,three,three
2639,vanilla,vanilla
2640,beard,beard
2641,girl,girl
2642,pie,tie
2643,flowerpot,fowercot
2644,grasshopper,gasshopper
2645,four,four
2646,spade,spade
2647,cloud,cloud
2648,giraffe,giraff
2649,skirt,skirt
2650,ball,ball
2651,mountain,mountain
2652,banana,banana
2653,yoyo,yoyo
2654,cucumber,cucumber
2655,elephant,elephant
2656,zoo,zoo
2657,three,three
2658,carpet,carpet
2659,carpet,carpet
2660,coconut,coconut
2661,head,head
2662,moustache,moustache
2663,foot,foot
2664,sword,sword
2665,hair,hair
2666,banana,bananaa
2667,mouth,mouth
2668,thumb,thumb
2669,wheel,wheel
2670,stethoscope,stouthoscope
2671,kitchen,kitchen
2672,straw,straw
2673,pull,pole
2674,story,story
2675,story,story
2676,coconut,coconut
2677,ten,ten
2678,snake,snake
2679,crab,crab
2680,attack,attack
2681,thumb,thumb
2682,attack,attack
2683,beard,beard
2684,australia,australia
2685,duck,duck
2686,bag,bag
2687,yes,yes
2688,giraffe,tojraffe
2689,machine,machine
2690,martian,martian
2691,cub,cub
2692,spaghetti,paghetti
2693,dinosaur,dinosaauur
2694,drink,drink
2695,circus,circus
2696,three,three
2697,giraffe,girafe
2698,kitchen,kitchen
2699,jam,jam
2700,tomato,tomato
2701,banana,banana
2702,elephant,elephant
2703,pie,pie
2704,that,that
2705,circus,cicus
2706,head,head
2707,play,play
2708,canoe,canoe
2709,tomato,toomato
2710,swing,swing
2711,duck,duck
2712,sword,sword
2713,gorilla,gorilla
2714,ten,ten
2715,thumb,thumb
2716,yoyo,yoyo
2717,grasshopper,grasshopper
2718,six,six
2719,head,head
2720,eight,eight
2721,key,key
2722,grasshopper,grasshhopper
2723,rhinoceros,arina
2724,vegemite,vegemite
2725,circus,circus
2726,snake,snake
2727,food,food
2728,cub,cub
2729,three o clock,three o clock
2730,hill,hill
2731,short,short
2732,boy,boy
2733,key,key
2734,six,six
2735,one egg,one egg
2736,two o clock,two o clock
2737,hole,hole
2738,shell,shell
2739,martian,martian
2740,cicada,cicada
2741,treasure,treasure
2742,four,four
2743,spade,spode
2744,carpet,carpet
2745,moustache,moustache
2746,magician,magici
2747,wood,wood
2748,butterfly,butterfly
2749,duck,duck
2750,binoculars,binoculars
2751,dessert,dessert
2752,canoe,canoe
2753,wood,wood
2754,dessert,dessert
2755,elephant,elephat
2756,clown,cloun
2757,ten,ten
2758,ten,chim
2759,pig,pig
2760,banana,banana
2761,sprout,sprout
2762,beard,beard
2763,crab,grab
2764,snake,snake
2765,nine,nine
2766,hill,hill
2767,hippopotamus,hippopotamus
2768,wheel,wheel
2769,bird,bird
2770,jam,jam
2771,nose,nose
2772,one egg,one eggg
2773,sword,sword
2774,tooth,to
2775,skirt,skirt
2776,thermometer,thermometer
2777,moustache,moustache
2778,bag,bag
2779,kangaroo,kangaroo
2780,play,play
2781,detective,detective
2782,ball,ball
2783,caterpillar,caterpillar
2784,vanilla,vanilla
2785,vanilla,vanilla
2786,six,six
2787,garden,garden
2788,moustache,moustache
2789,three eggs,three eggs
2790,kitchen,kitchen
2791,dessert,dessertt
2792,four cups,four cups
2793,bridge,bridge
2794,one egg,one eg
2795,garage,garage
2796,moustache,moustache
2797,giraffe,giraffe
2798,nose,nose
2799,thermometer,thermometer
2800,nine,nine
2801,pie,pie
2802,foot,foot
2803,four cups,four cups
2804,five,pho
2805,that,that
2806,dessert,dessert
2807,leaf,leaf
2808,ball,ball
2809,gorilla,gorilla
2810,bridge,bridge
2811,two eggs,two eggs
2812,no,no
2813,three,three
2814,frog,frog
2815,three cups,three cups
2816,hill,hill
2817,doll,doll
2818,chair,chair
2819,cucumber,cucumber
2820,that,that
2821,seven,seven
2822,tail,tail
2823,nine,nine
2824,head,head
2825,kitchen,kitchen
2826,head,headd
2827,duck,duck
2828,hippopotamus,hippopopotamuss
2829,watermelon,watermelon
2830,australia,australia
2831,tooth,tooth
2832,short,short
2833,stethoscope,stethoscope
2834,three cups,three cups
2835,hippopotamus,potamus
2836,zoo,loo
2837,wheel,wheel
2838,zoo,zoo
2839,one,one
2840,elephant,elephant
2841,tomato,tomato
2842,spade,spade
2843,sprout,sprout
2844,crocodile,crocodile
2845,eight,eight
2846,doll,gro
2847,spade,spade
2848,sword,sword
2849,drink,drink
2850,boy,boy
2851,light,light
2852,elephant,elephant
2853,dessert,dessert
2854,cart,card
2855,bellybutton,bellybutton
2856,bird,boad
2857,one,one
2858,one,one
2859,cheese,cheese
2860,mouth,mouth
2861,caterpillar,catterpillar
2862,bird,bird
2863,treasure,treasure
2864,pie,pie
2865,seven,seven
2866,pull,foor
2867,elephant,elephant
2868,cheese,cheese
2869,beard,beard
2870,key,key
2871,xylophone,xylophone
2872,four,
2873,spaghetti,spaghetti
2874,shell,shell
2875,eight,egh
2876,two eggs,two eggs
2877,head,se
2878,giraffe,giraffe
2879,breathe,breathe
2880,spade,spade
2881,tomato,tomato
2882,nine,nine
2883,gorilla,gorilla
2884,snake,snake
2885,owl,owl
2886,boat,boat
2887,jam,jam
2888,elephant,elephant
2889,one,one
2890,sausage,sausage
2891,one cup,one cup
2892,girl,girl
2893,carpet,carpet
2894,light,light
2895,doll,doll
2896,dessert,dessert
2897,jam,jam
2898,three cups,three cups
2899,gorilla,gorilla
2900,food,food
2901,voice,voice
2902,cub,cub
2903,two,to
2904,ball,bal
2905,four cups,four cups
2906,butterfly,butterfly
2907,binoculars,binoculars
2908,four o clock,four o clock
2909,boat,boat
2910,bird,bird
2911,balloon,balloon
2912,boat,boat
2913,ball,four
2914,hole,hole
2915,spade,spade
2916,canoe,cano
2917,elephant,elephant
2918,giraffe,giraffe
2919,garage,garage
2920,four,four
2921,play,play
2922,skirt,cart
2923,nine,nine
2924,skirt,skirt
2925,australia,australia
2926,ear,ear
2927,one o clock,one o clock
2928,that,that
2929,pool,pool
2930,pig,pig
2931,one cup,one cup
2932,stethoscope,stethoscope
2933,australia,australia
2934,three,three
2935,splash,splash
2936,detective,detective
2937,ride,ride
2938,straw,straw
2939,drink,drink
2940,six,six
2941,spiderweb,spaderweb
2942,sausage,sausage
2943,sausage,sausage
2944,smile,smile
2945,girl,girl
2946,machine,machinnee
2947,frog,frog
2948,garden,gardenn
2949,cheese,cheese
2950,stethoscope,tytosauce
2951,one o clock,one o clock
2952,pie,pie
2953,card,card
2954,no,nigt
2955,one egg,one egg
2956,treasure,treasurre
2957,giraffe,giraffe
2958,drink,drink
2959,boy,boy
2960,play,play
2961,doll,doll
2962,four,four
2963,crocodile,crocodile
2964,three eggs,three eggs
2965,drink,drink
2966,four o clock,four o clock
2967,car,car
2968,pool,pool
2969,dinosaur,dinosaur
2970,detective,detective
2971,pool,pool
2972,thermometer,thermometer
2973,six,six
2974,hippopotamus,hippopotamus
2975,four cups,four cups
2976,carpet,carpet
2977,vanilla,vanila
2978,circus,circut
2979,one,one
2980,seven,seven
2981,thermometer,thermometer
2982,ride,ride
2983,potato,potato
2984,balloon,balloon
2985,leaf,beaf
2986,girl,girl
2987,voice,voice
2988,cow,cow
2989,short,short
2990,wheel,wheel
2991,vanilla,vanilla
2992,caterpillar,caterpillar
2993,flowerpot,flowerpot
2994,six,se
2995,wheel,wheel
2996,two o clock,two o clock
2997,crocodile,crocodile
2998,snake,snake
2999,sausage,sausage
3000,tomato,tomato
3001,shell,shell
3002,wood,wood
3003,stethoscope,stethoscope
3004,binoculars,binoculalar
3005,voice,voice
3006,drink,drink
3007,kangaroo,kangao
3008,pie,pie
3009,yoyo,yoyo
3010,magician,magician
3011,breathe,breathe
3012,bag,barg
3013,straw,straw
3014,bridge,bridge
3015,mouth,mouth
3016,carpet,carpet
3017,story,story
3018,martian,martian
3019,hill,che
3020,one egg,one egg
3021,eight,eight
3022,nine,tonine
3023,six,six
3024,cloud,cloud
3025,clown,clound
3026,frog,frog
3027,voice,voice
3028,vanilla,vanilla
3029,spaghetti,spaghetti
3030,one o clock,one o clock
3031,treasure,treasure
3032,girl,girl
3033,bellybutton,bellybutton
3034,five,five
3035,pig,pig
3036,cub,cub
3037,pull,pool
3038,gorilla,gorilla
3039,dinosaur,dinosauur
3040,vegemite,vegemite
3041,watch,watch
3042,treasure,treasure
3043,play,play
3044,no,no
3045,bellybutton,bellybutton
3046,rhinoceros,rhinoceros
3047,sausage,sausage
3048,drink,drink
3049,treasure,treasure
3050,ten,ten
3051,kangaroo,kangaroo
3052,elephant,elephant
3053,leaf,leaf
3054,vegemite,vegemite
3055,machine,machine
3056,nose,nose
3057,stethoscope,stethoscope
3058,garden,garden
3059,tail,tail
3060,story,story
3061,flowerpot,flowerpot
3062,three o clock,three o clock
3063,one o clock,one o clock
3064,drink,drink
3065,cheese,cheese
3066,owl,owl
3067,hole,hole
3068,attack,attack
3069,crab,crab
3070,butterfly,butterfly
3071,eight,eight
3072,watch,watch
3073,cicada,cicada
3074,yoyo,yoyo
3075,circus,circus
3076,straw,straw
3077,card,card
3078,banana,banana
3079,one,ro
3080,spade,spade
3081,two cups,two cups
3082,cheese,cheese
3083,three cups,three cups
3084,snake,snake
3085,wood,wood
3086,five,five
3087,seven,s
3088,circus,circus
3089,doll,doll
3090,nine,nine
3091,butterfly,butterfly
3092,four cups,four cups
3093,elephant,elephant
3094,gorilla,gorilla
3095,wheel,wheel
3096,food,food
3097,shell,shell
3098,vanilla,vanilla
3099,car,car
3100,treasure,treasure
3101,one egg,one egg
3102,food,food
3103,nine,night
3104,pull,poul
3105,two,to
3106,caterpillar,caterpillar
3107,cheese,pead
3108,watch,watch
3109,butterfly,butterf
3110,tonight,tonight
3111,sprout,sprout
3112,eight,eight
3113,attack,attack
3114,car,car
3115,martian,mountain
3116,martian,martian
3117,stethoscope,stethoscope
3118,hole,hole
3119,ball,ball
3120,ear,e
3121,three,bea
3122,ear,ear
3123,three o clock,three o clock
3124,detective,detective
3125,mountain,mountain
3126,foot,foot
3127,fur,zoo
3128,food,food
3129,coconut,cocodut
3130,crocodile,crocodile
3131,sausage,sauphagee
3132,boat,boat
3133,three o clock,three o clock
3134,spade,spade
3135,garden,garden
3136,sausage,sausage
3137,dinosaur,dinosaur
3138,owl,ow
3139,martian,martian
3140,potato,potato
3141,xylophone,xylophone
3142,one o clock,one o clock
3143,splash,splash
3144,duck,duck
3145,cicada,cicada
3146,pull,pool
3147,swing,swing
3148,machine,machine
3149,garden,garden
3150,coconut,coconut
3151,doll,doll
3152,shell,coll
3153,story,story
3154,canoe,canoe
3155,crab,crab
3156,wood,one
3157,treasure,treasure
3158,ear,ear
3159,leaf,leaf
3160,australia,australia
3161,dinosaur,dinosaaur
3162,potato,potato
3163,splash,splash
3164,feather,feather
3165,vanilla,vanilla
3166,one,one
3167,three cups,three cups
3168,that,that
3169,key,chey
3170,straw,straw
3171,rhinoceros,hinoceros
3172,caterpillar,caterpillar
3173,hill,hill
3174,drink,drink
3175,coconut,coconut
3176,yes,yes
3177,frog,frog
3178,attack,attack
3179,two,to
3180,five,bie
3181,attack,attack
3182,moustache,moustache
3183,cloud,cloud
3184,sprout,sprout
3185,ten,ten
3186,sword,sword
3187,banana,banana
3188,balloon,balloon
3189,boy,boy
3190,one o clock,one o clock
3191,boy,boy
3192,cloud,cloud
3193,australia,australia
3194,watch,watch
3195,fish,fish
3196,watermelon,watermeto
3197,doll,dol
3198,two eggs,two eggs
3199,zoo,zoo
3200,pie,pie
3201,five,five
3202,watermelon,watermelon
3203,flowerpot,flowerpot
3204,flowerpot,flowerpot
3205,ball,pall
3206,crab,crab
3207,three eggs,three eggs
3208,mountain,mountain
3209,mouth,mouth
3210,two eggs,two eggs
3211,mouth,mouth
3212,cow,cow
3213,four,four
3214,treasure,treasure
3215,head,headd
3216,attack,attack
3217,five,five
3218,moustache,moustache
3219,duck,duck
3220,four cups,four cups
3221,cub,cub
3222,yes,yes
3223,fish,fish
3224,tooth,tooth
3225,pool,pool
3226,owl,owl
3227,food,food
3228,circus,circus
3229,four eggs,four eggs
3230,moustache,moustache
3231,four,four
3232,vegemite,vegemite
3233,tonight,tonight
3234,two o clock,two o clock
3235,four eggs,four eggs
3236,cicada,cicadaa
3237,ear,ear
3238,hippopotamus,hippopotamus
3239,thermometer,thermomete
3240,frog,frog
3241,canoe,canoe
3242,machine,machine
3243,wheel,wheel
3244,treasure,treasure
3245,five,five
3246,garage,garage
3247,crab,crab
3248,cub,cub
3249,fur,four
3250,owl,owl
3251,voice,voice
3252,no,no
3253,one,one
3254,drink,drink
3255,head,head
3256,one egg,one egg
3257,four o clock,four o clock
3258,cub,cub
3259,one,one
3260,bellybutton,bellybutton
3261,nine,nine
3262,pie,pie
3263,thumb,thumb
3264,card,card
3265,frog,frog
3266,clown,cloud
3267,voice,voice
3268,two cups,two cups
3269,canoe,cano
3270,swing,swing
3271,seven,seven
3272,three o clock,three o cloc o clock
3273,spaghetti,spaghetti
3274,duck,duck
3275,rhinoceros,rhino
3276,one cup,one o cock
3277,two eggs,two eggs
3278,ride,ride
3279,frog,frog
3280,one egg,one eggs
3281,potato,potato
3282,cloud,croud
3283,voice,voce
3284,hill,hill
3285,cart,card
3286,two,to
3287,two,two
3288,potato,potato
3289,eight,eight
3290,card,card
3291,kitchen,kitchen
3292,tail,tail
3293,four eggs,foour eggs
3294,bridge,bridge
3295,ride,ride
3296,watermelon,watermelon
3297,ball,ball
3298,binoculars,binoculars
3299,attack,attack
3300,spade,spade
3301,doll,gro
3302,bag,bag
3303,play,play
3304,chair,chair
3305,carpet,carpet
3306,thermometer,therthrometer
3307,wood,wood
3308,wheel,wheel
3309,snake,snake
3310,drink,drink
3311,owl,ol
3312,flowerpot,flowerpot
3313,wheel,wheel
3314,pull,pool
3315,story,story
3316,duck,duck
3317,four eggs,four eggs
3318,hippopotamus,hippopotamus
3319,splash,splash
3320,two o clock,two o clock
3321,four eggs,four eggs
3322,ten,ten
3323,chair,go
3324,six,six
3325,two,go
3326,five,five
3327,leaf,voice
3328,bellybutton,bellybutton
3329,cucumber,cucumber
3330,girl,girl
3331,elephant,elephant
3332,machine,machine
3333,bellybutton,bellybutton
3334,straw,straw
3335,light,light
3336,attack,attack
3337,cicada,cicada
3338,boat,boat
3339,jam,jam
3340,three,three
3341,chair,chair
3342,jam,jam
3343,pie,pie
3344,treasure,treasure
3345,cow,cloud
3346,cicada,cicada
3347,kangaroo,kangaoo
3348,four cups,four cups
3349,pie,pie
3350,three o clock,three o clock
3351,bellybutton,belllybutton
3352,treasure,treasure
3353,three eggs,three eggs
3354,one egg,one egg
3355,boat,boat
3356,girl,girl
3357,jam,jam
3358,australia,australia
3359,cicada,cicada
3360,dessert,dessert
3361,bag,bag
3362,banana,bananaa
3363,jam,jam
3364,sword,sword
3365,breathe,breathe
3366,swing,ro
3367,kitchen,kitchen
3368,four eggs,four eggs
3369,potato,potato
3370,play,play
3371,tonight,tonight
3372,three eggs,three eggss
3373,foot,foot
3374,sausage,sausage
3375,one o clock,one o clock
3376,four eggs,four eggs
3377,girl,girl
3378,straw,straw
3379,play,play
3380,four o clock,four o clock
3381,two o clock,two o clock
3382,skirt,skirt
3383,crab,crab
3384,mountain,mountain
3385,moustache,moustache
3386,cheese,cheese
3387,butterfly,butterfly
3388,hair,hir
3389,two o clock,two o clock
3390,spiderweb,spiderweb
3391,fur,fur
3392,garage,garage
3393,yes,yes
3394,binoculars,binoculars
3395,smile,smile
3396,head,head
3397,card,card
3398,two cups,two cups
3399,pig,pig
3400,vanilla,banilla
3401,five,frive
3402,duck,duck
3403,splash,splash
3404,cart,cart
3405,kangaroo,kangaroo
3406,crocodile,crocodile
3407,wheel,wheel
3408,watermelon,watermelelon
3409,beard,beard
3410,doll,doll
3411,boat,boat
3412,wood,wood
3413,voice,voice
3414,cucumber,cucumber
3415,two eggs,two eggs
3416,hole,hole
3417,three,three
3418,circus,circus
3419,one egg,one egg
3420,bird,bird
3421,sausage,sausage
3422,drink,drink
3423,one o clock,one o clock
3424,rhinoceros,hinoceros
3425,cloud,cloud
3426,short,short
3427,ear,ear
3428,voice,voice
3429,yoyo,yoyo
3430,two cups,two cups
3431,swing,swing
3432,giraffe,giraffe
3433,pig,pig
3434,two eggs,two eggs
3435,potato,potato
3436,watch,watch
3437,that,that
3438,cart,card
3439,hippopotamus,kippote
3440,potato,potato
3441,breathe,breathe
3442,giraffe,giraffe
3443,hole,hole
3444,seven,seven
3445,one o clock,one o clock
3446,two o clock,two o clock
3447,boat,boat
3448,rhinoceros,rhinoceros
3449,bag,bag
3450,garage,garage
3451,vegemite,vegemite
3452,splash,pl
3453,vanilla,vanilla
3454,bellybutton,pellybutton
3455,spiderweb,spiderweb
3456,attack,attack
3457,drink,drink
3458,feather,feather
3459,shell,shell
3460,gorilla,garia
3461,xylophone,xylophone
3462,ten,ten
3463,magician,magician
3464,yes,yes
3465,dinosaur,dinosaau
3466,leaf,leaf
3467,ten,ten
3468,card,card
3469,sprout,sprout
3470,two cups,two cups
3471,kangaroo,kangaroo
3472,fur,fur
3473,wheel,wheel
3474,clown,clound
3475,skirt,skirt
3476,snake,snake
3477,fish,fish
3478,crocodile,crocodile
3479,australia,australia
3480,banana,banana
3481,straw,straw
3482,tomato,tomato
3483,three cups,three cups
3484,balloon,balloon
3485,banana,banana
3486,short,short
3487,yes,yes
3488,pie,pie
3489,cheese,chese
3490,cicada,cicadaa
3491,xylophone,ylophone
3492,potato,potato
3493,bridge,bridge
3494,xylophone,xylophone
3495,story,story
3496,vanilla,vanilla
3497,ride,ride
3498,jam,jam
3499,drink,drink
3500,tooth,koos
3501,cicada,cicada
3502,crab,crab
3503,moustache,moustache
3504,tail,tail
3505,clown,clound
3506,hill,hill
3507,fish,feas
3508,leaf,leaf
3509,dinosaur,dinosau
3510,spade,spade
3511,two eggs,two eggs
3512,six,six
3513,fur,fur
3514,light,light
3515,voice,voice
3516,binoculars,binoculars
3517,yes,yes
3518,that,that
3519,thumb,thumb
3520,detective,detective
3521,giraffe,giraffe
3522,four o clock,four o clock
3523,snake,snake
3524,short,sort
3525,hair,how
3526,martian,martian
3527,tooth,tooth
3528,sword,sword
3529,bird,bird
3530,yoyo,yoyo
3531,dinosaur,ginosaur
3532,cheese,cheese
3533,cart,cart
3534,three,three
3535,bag,bag
3536,coconut,coconut
3537,three cups,three cups
3538,fish,fish
3539,circus,circus
3540,smile,smile
3541,cow,cow
3542,cloud,cloud
3543,sprout,sprout
3544,zoo,zoo
3545,three eggs,three eggs
3546,spaghetti,spaghetti
3547,dinosaur,gynosauur
3548,pie,pie
3549,three eggs,three eggs
3550,car,car
3551,two eggs,two eggs
3552,ball,ball
3553,cub,cupb
3554,six,six
3555,attack,attack
3556,caterpillar,catepilr
3557,sausage,sausage
3558,watermelon,watermelon
3559,banana,banana
3560,bird,bird
3561,ten,ten
3562,card,card
3563,gorilla,gorilla
3564,food,food
3565,snake,snake
3566,two,to
3567,rhinoceros,thinoceros
3568,hair,fur
3569,coconut,coconutte
3570,hole,hole
3571,bridge,bridge
3572,dessert,desert
3573,garage,gard
3574,vegemite,vegemite
3575,crocodile,crocodile
3576,owl,owll
3577,clown,clound
3578,straw,straw
3579,light,light
3580,sword,sword
3581,five,five
3582,carpet,carpet
3583,garage,garage
3584,elephant,elephant
3585,one cup,one cup
3586,circus,circus
3587,swing,sswing
3588,seven,seven
3589,one,one
3590,cart,cart
3591,owl,owl
3592,nine,nine
3593,coconut,coconut
3594,that,that
3595,two eggs,two eggs
3596,cart,cart
3597,two,two
3598,chair,chair
3599,straw,straw
3600,kangaroo,kangaroo
3601,spaghetti,spaghettii
3602,two eggs,two eggs
3603,skirt,skirt
3604,one,one
3605,six,six
3606,pool,pool
3607,crab,crab
3608,yoyo,yoyo
3609,four eggs,four eggs
3610,carpet,carpet
3611,clown,cloun
3612,giraffe,giraffe
3613,chair,chair
3614,machine,machine
3615,bag,bag
3616,giraffe,giraffe
3617,butterfly,butterfly
3618,xylophone,xylophonee
3619,rhinoceros,rhinoceros
3620,pool,poull
3621,shell,shell
3622,one o clock,one o clock
3623,thermometer,thermometer
3624,doll,doll
3625,skirt,skirt
3626,bellybutton,bellybutton
3627,leaf,leaf
3628,smile,smile
3629,four o clock,four o clock
3630,three cups,three cups
3631,nose,nose
3632,magician,magician
3633,feather,feather
3634,grasshopper,grasshopper
3635,that,that
3636,skirt,skirt
3637,four cups,four cups
3638,bag,bag
3639,drink,drink
3640,sausage,sausage
3641,sword,shword
3642,cart,cart
3643,tail,taill
3644,feather,fethur
3645,cart,cart
3646,four o clock,four o clock
3647,yes,yes
3648,skirt,skirt
3649,crocodile,crocodile
3650,binoculars,binoculars
3651,mountain,mountain
3652,zoo,go
3653,play,play
3654,that,that
3655,one cup,one cup
3656,hippopotamus,hippopotamus
3657,one,one
3658,bag,bag
3659,yoyo,yoyo
3660,tail,tail
3661,crab,crab
3662,smile,smile
3663,hill,hill
3664,splash,splash
3665,thumb,thumb
3666,clown,clown
3667,elephant,elephant
3668,ride,ride
3669,wood,wood
3670,frog,frog
3671,bellybutton,bellybutton
3672,short,short
3673,vegemite,vegemite
3674,one egg,one egg
3675,flowerpot,flowerpot
3676,spiderweb,spiderweb
3677,three o clock,three egh o clock
3678,girl,girl
3679,cart,cart
3680,spaghetti,spaghetti
3681,three o clock,three o clock
3682,potato,potato
3683,boy,boy
3684,sprout,sprout
3685,pig,drink
3686,breathe,breathe
3687,machine,machine
3688,bag,bag
3689,rhinoceros,rhinoceros
3690,fur,fur
3691,owl,owl
3692,smile,smile
3693,play,play
3694,rhinoceros,rono
3695,treasure,treasure
3696,watermelon,watermon
3697,four cups,four cups
3698,watch,watchh
3699,yes,yes
3700,cucumber,cucumber
3701,dessert,dessert
3702,tomato,tomatoo
3703,cheese,cheese
3704,garage,garage
3705,spaghetti,spaghetti
3706,four,four
3707,girl,gil
3708,bellybutton,bellybutton
3709,balloon,balloon
3710,spiderweb,skiderhep
3711,cub,cub
3712,that,that
3713,story,story
3714,yoyo,yoyo
3715,ride,ride
3716,stethoscope,stethocope
3717,treasure,treasure
3718,thumb,thumb
3719,circus,circus
3720,attack,attack
3721,eight,eight
3722,one cup,one cup
3723,grasshopper,grasshopper
3724,rhinoceros,rhinoceros
3725,detective,detective
3726,kangaroo,kangaro
3727,sausage,sausage
3728,binoculars,binoculars
3729,boy,boy
3730,xylophone,xylophone
3731,nine,nine
3732,elephant,elephant
3733,spade,spade
3734,four cups,four cups
3735,cow,cow
3736,boy,boy
3737,two eggs,twoo eggs
3738,dessert,dessert
3739,two eggs,two eggs
3740,thumb,thumb
3741,xylophone,xylophonee
3742,bag,bag
3743,garden,garden
3744,giraffe,giraffe
3745,clown,cloud
3746,chair,chair
3747,ten,ten
3748,hole,hole
3749,pool,pool
3750,zoo,zoo
3751,frog,frog
3752,three o clock,three o clock
3753,martian,martian
3754,magician,magician
3755,spade,spade
3756,three,three
3757,thumb,thumb
3758,garage,garage
3759,kangaroo,kangaroo
3760,four eggs,four eggs
3761,one,one
3762,caterpillar,caterpillar
3763,mountain,mountain
3764,three o clock,three o clock
3765,cloud,cloud
3766,sprout,sprout
3767,watch,watch
3768,breathe,breathe
3769,canoe,canoe
3770,banana,onana
3771,yoyo,yoyo
3772,pull,pool
3773,cucumber,cucumber
3774,kangaroo,kangaroo
3775,gorilla,gorilla
3776,that,that
3777,shell,shell
3778,voice,voice
3779,circus,circus
3780,flowerpot,flowerpot
3781,sword,sword
3782,three,three
3783,coconut,coconut
3784,splash,splash
3785,rhinoceros,binosauros
3786,doll,doll
3787,ten,jam
3788,flowerpot,flowerpot
3789,three cups,three cups
3790,play,play
3791,attack,attack
3792,ten,ten
3793,grasshopper,grasshopper
3794,binoculars,binoculars
3795,binoculars,binocula
3796,short,short
3797,yes,yes
3798,cucumber,cucumber
3799,three,three
3800,snake,snake
3801,two cups,two cups
3802,feather,feather
3803,jam,jam
3804,play,play
3805,garage,garage
3806,balloon,balloon
3807,machine,machine
3808,card,card
3809,magician,magician
3810,head,head
3811,moustache,moustache
3812,zoo,zoo
3813,no,no
3814,beard,beard
3815,fur,fur
3816,car,car
3817,boat,boat
3818,watch,watch
3819,girl,girl
3820,yes,yes
3821,bird,bird
3822,feather,feather
3823,vanilla,valoca
3824,vanilla,vanilla
3825,dinosaur,dinosauur
3826,watch,watch
3827,six,six
3828,zoo,zoo
3829,bird,bird
3830,leaf,leaf
3831,three eggs,three eggs
3832,sausage,sausage
3833,sprout,plout
3834,ear,er
3835,feather,feather
3836,tomato,tomato
3837,carpet,carpet
3838,cow,cow
3839,nose,nose
3840,shell,chell
3841,frog,frog
3842,banana,banana
3843,one o clock,one o clock
3844,kangaroo,kangaroo
3845,spaghetti,spaghetti
3846,giraffe,giraffe
3847,four o clock,four o clock
3848,one,one
3849,machine,machine
3850,six,six
3851,nine,noe
3852,caterpillar,caterpiller
3853,tail,tayo
3854,two cups,two cups
3855,four cups,four cups
3856,tooth,tooth
3857,doll,dol
3858,giraffe,giraffe
3859,tomato,tomato
3860,zoo,zoo
3861,tooth,tooth
3862,sword,sword
3863,martian,martian
3864,play,play
3865,tonight,tonght
3866,girl,girl
3867,jam,jam
3868,kitchen,kitchen
3869,australia,australiia
3870,tonight,tonight
3871,dinosaur,dinosaur
3872,cheese,cheese
3873,balloon,balloon
3874,hair,co
3875,spaghetti,spaghetti
3876,spiderweb,spiderweb
3877,potato,potato
3878,hair,hair
3879,straw,straw
3880,gorilla,gorilla
3881,one cup,one cup
3882,sword,sword
3883,garden,garden
3884,yoyo,yoyo
3885,three cups,three cups
3886,vegemite,vegemitee
3887,cloud,cloud
3888,butterfly,butterfly
3889,leaf,leaf
3890,eight,eight
3891,kitchen,kitchen
3892,clown,clound
3893,no,no
3894,four,four
3895,mouth,mouth
3896,fish,
3897,two eggs,two eggs
3898,boy,boy
3899,tonight,tonight
3900,eight,eight
3901,two cups,two cups
3902,thumb,thumb
3903,martian,martian
3904,tail,tail
3905,key,kheesse
3906,hair,fo
3907,straw,straw
3908,fish,fish
3909,key,key
3910,play,play
3911,watch,watch
3912,stethoscope,stethoscope
3913,magician,magiciian
3914,rhinoceros,rhinoceros
3915,cucumber,cucumber
3916,crocodile,crocodile
3917,boat,boat
3918,owl,owl
3919,story,story
3920,watermelon,watermellon
3921,spade,spade
3922,kangaroo,kangaroo
3923,voice,voice
3924,five,five
3925,cicada,cicado
3926,caterpillar,katerpillar
3927,pull,pooll
3928,five,poe
3929,pig,pig
3930,thermometer,thomate
3931,sprout,sprout
3932,caterpillar,catterpillar
3933,swing,shwring
3934,vegemite,vegemite
3935,tonight,tonight
3936,detective,detective
3937,leaf,leaf
3938,dinosaur,dinosaaur
3939,stethoscope,stethoscope
3940,fish,fish
3941,tail,tail
3942,one o clock,one o clock
3943,ear,ear
3944,garden,garden
3945,grasshopper,grasshopper
3946,four o clock,four o clock
3947,smile,smile
3948,two cups,two cups
3949,crab,crab
3950,xylophone,xylophone
3951,splash,splash
3952,grasshopper,grasshoppet
3953,crab,crab
3954,bird,bird
3955,food,food
3956,beard,beard
3957,clown,clowun
3958,five,five
3959,circus,circus
3960,bridge,bridge
3961,voice,breafe
3962,short,short
3963,sprout,sprout
3964,one egg,one egg
3965,hole,hole
3966,garden,garden
3967,mouth,mouth
